date,change,total
2022-02-24,113,113
2022-02-25,106,219
2022-02-26,93,312
2022-02-27,107,419
2022-02-28,75,494
2022-03-01,43,537
2022-03-02,55,592
2022-03-03,94,686
2022-03-04,73,759
2022-03-05,98,857
2022-03-06,139,996
2022-03-07,99,1095
2022-03-08,94,1189
2022-03-09,66,1255
2022-03-10,52,1307
2022-03-11,70,1377
2022-03-12,103,1480
2022-03-13,71,1551
2022-03-14,81,1632
2022-03-15,62,1694
2022-03-16,62,1756
2022-03-17,34,1790
2022-03-18,48,1838
2022-03-19,34,1872
2022-03-20,42,1914
2022-03-21,56,1970
2022-03-22,34,2004
2022-03-23,56,2060
2022-03-24,69,2129
2022-03-25,77,2206
2022-03-26,55,2261
2022-03-27,35,2296
2022-03-28,51,2347
2022-03-29,62,2409
2022-03-30,68,2477
2022-03-31,43,2520
2022-04-01,63,2583
2022-04-02,31,2614
2022-04-03,15,2629
2022-04-04,22,2651
2022-04-05,35,2686
2022-04-06,26,2712
2022-04-07,17,2729
2022-04-08,17,2746
2022-04-09,28,2774
2022-04-10,29,2803
2022-04-11,26,2829
2022-04-12,27,2856
2022-04-13,57,2913
2022-04-14,44,2957
2022-04-15,27,2984
2022-04-16,30,3014
2022-04-17,24,3038
2022-04-18,44,3082
2022-04-19,41,3123
2022-04-20,34,3157
2022-04-21,57,3214
2022-04-22,72,3286
2022-04-23,50,3336
2022-04-24,33,3369
2022-04-25,66,3435
2022-04-26,27,3462
2022-04-27,47,3509
2022-04-28,43,3552
2022-04-29,23,3575
2022-04-30,43,3618
2022-05-01,34,3652
2022-05-02,43,3695
2022-05-03,46,3741
2022-05-04,32,3773
2022-05-05,46,3819
2022-05-06,73,3892
2022-05-07,47,3939
2022-05-08,50,3989
2022-05-09,34,4023
2022-05-10,43,4066
2022-05-11,43,4109
2022-05-12,36,4145
2022-05-13,28,4173
2022-05-14,33,4206
2022-05-15,33,4239
2022-05-16,28,4267
2022-05-17,38,4305
2022-05-18,24,4329
2022-05-19,77,4406
2022-05-20,52,4458
2022-05-21,48,4506
2022-05-22,45,4551
2022-05-23,60,4611
2022-05-24,41,4652
2022-05-25,34,4686
2022-05-26,46,4732
2022-05-27,37,4769
2022-05-28,48,4817
2022-05-29,50,4867
2022-05-30,33,4900
2022-05-31,32,4932
2022-06-01,47,4979
2022-06-02,27,5006
2022-06-03,37,5043
2022-06-04,28,5071
2022-06-05,47,5118
2022-06-06,31,5149
2022-06-07,33,5182
2022-06-08,29,5211
2022-06-09,41,5252
2022-06-10,22,5274
2022-06-11,25,5299
2022-06-12,25,5324
2022-06-13,27,5351
2022-06-14,39,5390
2022-06-15,15,5405
2022-06-16,29,5434
2022-06-17,40,5474
2022-06-18,19,5493
2022-06-19,31,5524
2022-06-20,38,5562
2022-06-21,47,5609
2022-06-22,35,5644
2022-06-23,30,5674
2022-06-24,41,5715
2022-06-25,34,5749
2022-06-26,56,5805
2022-06-27,47,5852
2022-06-28,27,5879
2022-06-29,34,5913
2022-06-30,44,5957
2022-07-01,14,5971
2022-07-02,42,6013
2022-07-03,44,6057
2022-07-04,48,6105
2022-07-05,32,6137
2022-07-06,32,6169
2022-07-07,47,6216
2022-07-08,51,6267
2022-07-09,51,6318
2022-07-10,24,6342
2022-07-11,17,6359
2022-07-12,22,6381
2022-07-13,32,6413
2022-07-14,22,6435
2022-07-15,21,6456
2022-07-16,33,6489
2022-07-17,32,6521
2022-07-18,28,6549
2022-07-19,53,6602
2022-07-20,47,6649
2022-07-21,24,6673
2022-07-22,49,6722
2022-07-23,29,6751
2022-07-24,15,6766
2022-07-25,26,6792
2022-07-26,6,6798
2022-07-27,20,6818
2022-07-28,9,6827
2022-07-29,19,6846
2022-07-30,26,6872
2022-07-31,11,6883
2022-08-01,19,6902
2022-08-02,13,6915
2022-08-03,13,6928
2022-08-04,44,6972
2022-08-05,18,6990
2022-08-06,31,7021
2022-08-07,23,7044
2022-08-08,24,7068
2022-08-09,14,7082
2022-08-10,27,7109
2022-08-11,18,7127
2022-08-12,27,7154
2022-08-13,32,7186
2022-08-14,34,7220
2022-08-15,32,7252
2022-08-16,49,7301
2022-08-17,32,7333
2022-08-18,23,7356
2022-08-19,22,7378
2022-08-20,25,7403
2022-08-21,34,7437
2022-08-22,20,7457
2022-08-23,36,7493
2022-08-24,32,7525
2022-08-25,20,7545
2022-08-26,20,7565
2022-08-27,34,7599
2022-08-28,32,7631
2022-08-29,97,7728
2022-08-30,34,7762
2022-08-31,49,7811
2022-09-01,47,7858
2022-09-02,53,7911
2022-09-03,42,7953
2022-09-04,57,8010
2022-09-05,40,8050
2022-09-06,61,8111
2022-09-07,83,8194
2022-09-08,64,8258
2022-09-09,50,8308
2022-09-10,50,8358
2022-09-11,49,8407
2022-09-12,59,8466
2022-09-13,51,8517
2022-09-14,40,8557
2022-09-15,31,8588
2022-09-16,51,8639
2022-09-17,62,8701
2022-09-18,31,8732
2022-09-19,44,8776
2022-09-20,56,8832
2022-09-21,47,8879
2022-09-22,78,8957
2022-09-23,36,8993
2022-09-24,87,9080
2022-09-25,92,9172
2022-09-26,86,9258
2022-09-27,54,9312
2022-09-28,75,9387
2022-09-29,65,9452
2022-09-30,96,9548
2022-10-01,95,9643
2022-10-02,54,9697
2022-10-03,60,9757
2022-10-04,93,9850
2022-10-05,114,9964
2022-10-06,73,10037
2022-10-07,75,10112
2022-10-08,60,10172
2022-10-09,62,10234
2022-10-10,56,10290
2022-10-11,49,10339
2022-10-12,93,10432
2022-10-13,60,10492
2022-10-14,83,10575
2022-10-15,95,10670
2022-10-16,40,10710
2022-10-17,47,10757
2022-10-18,71,10828
2022-10-19,90,10918
2022-10-20,77,10995
2022-10-21,48,11043
2022-10-22,82,11125
2022-10-23,75,11200
2022-10-24,160,11360
2022-10-25,92,11452
2022-10-26,47,11499
2022-10-27,84,11583
2022-10-28,58,11641
2022-10-29,96,11737
2022-10-30,91,11828
2022-10-31,64,11892
2022-11-01,116,12008
2022-11-02,99,12107
2022-11-03,71,12178
2022-11-04,95,12273
2022-11-05,79,12352
2022-11-06,106,12458
2022-11-07,81,12539
2022-11-08,92,12631
2022-11-09,74,12705
2022-11-10,78,12783
2022-11-11,87,12870
2022-11-12,113,12983
2022-11-13,83,13066
2022-11-14,83,13149
2022-11-15,53,13202
2022-11-16,83,13285
2022-11-17,99,13384
2022-11-18,98,13482
2022-11-19,83,13565
2022-11-20,78,13643
2022-11-21,65,13708
2022-11-22,73,13781
2022-11-23,63,13844
2022-11-24,88,13932
2022-11-25,93,14025
2022-11-26,76,14101
2022-11-27,84,14185
2022-11-28,52,14237
2022-11-29,67,14304
2022-11-30,68,14372
2022-12-01,129,14501
2022-12-02,189,14690
2022-12-03,114,14804
2022-12-04,107,14911
2022-12-05,116,15027
2022-12-06,109,15136
2022-12-07,96,15232
2022-12-08,137,15369
2022-12-09,62,15431
2022-12-10,59,15490
2022-12-11,106,15596
2022-12-12,123,15719
2022-12-13,78,15797
2022-12-14,87,15884
2022-12-15,106,15990
2022-12-16,97,16087
2022-12-17,62,16149
2022-12-18,82,16231
2022-12-19,75,16306
2022-12-20,133,16439
2022-12-21,110,16549
2022-12-22,116,16665
2022-12-23,67,16732
2022-12-24,90,16822
2022-12-25,111,16933
2022-12-26,91,17024
2022-12-27,85,17109
2022-12-28,109,17218
2022-12-29,93,17311
2022-12-30,98,17409
2022-12-31,110,17519
2023-01-01,248,17767
2023-01-02,104,17871
2023-01-03,128,17999
2023-01-04,138,18137
2023-01-05,154,18291
2023-01-06,131,18422
2023-01-07,164,18586
2023-01-08,128,18714
2023-01-09,123,18837
2023-01-10,137,18974
2023-01-11,102,19076
2023-01-12,183,19259
2023-01-13,112,19371
2023-01-14,184,19555
2023-01-15,142,19697
2023-01-16,144,19841
2023-01-17,131,19972
2023-01-18,139,20111
2023-01-19,149,20260
2023-01-20,130,20390
2023-01-21,130,20520
2023-01-22,73,20593
2023-01-23,116,20709
2023-01-24,194,20903
2023-01-25,157,21060
2023-01-26,142,21202
2023-01-27,134,21336
2023-01-28,151,21487
2023-01-29,119,21606
2023-01-30,164,21770
2023-01-31,153,21923
2023-02-01,205,22128
2023-02-02,171,22299
2023-02-03,139,22438
2023-02-04,142,22580
2023-02-05,125,22705
2023-02-06,204,22909
2023-02-07,216,23125
2023-02-08,171,23296
2023-02-09,150,23446
2023-02-10,95,23541
2023-02-11,148,23689
2023-02-12,94,23783
2023-02-13,121,23904
2023-02-14,99,24003
2023-02-15,128,24131
2023-02-16,122,24253
2023-02-17,150,24403
2023-02-18,152,24555
2023-02-19,102,24657
2023-02-20,96,24753
2023-02-21,138,24891
2023-02-22,119,25010
2023-02-23,132,25142
2023-02-24,137,25279
2023-02-25,112,25391
2023-02-26,99,25490
2023-02-27,95,25585
2023-02-28,162,25747
2023-03-01,128,25875
2023-03-02,119,25994
2023-03-03,121,26115
2023-03-04,126,26241
2023-03-05,144,26385
2023-03-06,147,26532
2023-03-07,123,26655
2023-03-08,126,26781
2023-03-09,99,26880
2023-03-10,125,27005
2023-03-11,113,27118
2023-03-12,145,27263
2023-03-13,114,27377
2023-03-14,130,27507
2023-03-15,147,27654
2023-03-16,113,27767
2023-03-17,111,27878
2023-03-18,136,28014
2023-03-19,131,28145
2023-03-20,137,28282
2023-03-21,143,28425
2023-03-22,103,28528
2023-03-23,188,28716
2023-03-24,152,28868
2023-03-25,148,29016
2023-03-26,93,29109
2023-03-27,89,29198
2023-03-28,78,29276
2023-03-29,85,29361
2023-03-30,114,29475
2023-03-31,82,29557
2023-04-01,100,29657
2023-04-02,104,29761
2023-04-03,83,29844
2023-04-04,87,29931
2023-04-05,65,29996
2023-04-06,76,30072
2023-04-07,103,30175
2023-04-08,87,30262
2023-04-09,77,30339
2023-04-10,101,30440
2023-04-11,95,30535
2023-04-12,56,30591
2023-04-13,54,30645
2023-04-14,55,30700
2023-04-15,73,30773
2023-04-16,64,30837
2023-04-17,93,30930
2023-04-18,66,30996
2023-04-19,77,31073
2023-04-20,84,31157
2023-04-21,84,31241
2023-04-22,85,31326
2023-04-23,80,31406
2023-04-24,98,31504
2023-04-25,68,31572
2023-04-26,64,31636
2023-04-27,68,31704
2023-04-28,85,31789
2023-04-29,59,31848
2023-04-30,76,31924
2023-05-01,63,31987
2023-05-02,50,32037
2023-05-03,94,32131
2023-05-04,95,32226
2023-05-05,90,32316
2023-05-06,63,32379
2023-05-07,80,32459
2023-05-08,92,32551
2023-05-09,96,32647
2023-05-10,111,32758
2023-05-11,93,32851
2023-05-12,140,32991
2023-05-13,130,33121
2023-05-14,74,33195
2023-05-15,67,33262
2023-05-16,103,33365
2023-05-17,81,33446
2023-05-18,79,33525
2023-05-19,74,33599
2023-05-20,87,33686
2023-05-21,63,33749
2023-05-22,77,33826
2023-05-23,72,33898
2023-05-24,60,33958
2023-05-25,45,34003
2023-05-26,55,34058
2023-05-27,51,34109
2023-05-28,47,34156
2023-05-29,86,34242
2023-05-30,86,34328
2023-05-31,72,34400
2023-06-01,73,34473
2023-06-02,58,34531
2023-06-03,55,34586
2023-06-04,84,34670
2023-06-05,105,34775
2023-06-06,99,34874
2023-06-07,92,34966
2023-06-08,115,35081
2023-06-09,67,35148
2023-06-10,92,35240
2023-06-11,36,35276
2023-06-12,64,35340
2023-06-13,168,35508
2023-06-14,56,35564
2023-06-15,78,35642
2023-06-16,105,35747
2023-06-17,82,35829
2023-06-18,115,35944
2023-06-19,118,36062
2023-06-20,85,36147
2023-06-21,80,36227
2023-06-22,97,36324
2023-06-23,97,36421
2023-06-24,81,36502
2023-06-25,77,36579
2023-06-26,73,36652
2023-06-27,89,36741
2023-06-28,73,36814
2023-06-29,72,36886
2023-06-30,86,36972
2023-07-01,93,37065
2023-07-02,74,37139
2023-07-03,94,37233
2023-07-04,88,37321
2023-07-05,84,37405
2023-07-06,75,37480
2023-07-07,70,37550
2023-07-08,66,37616
2023-07-09,47,37663
2023-07-10,65,37728
2023-07-11,86,37814
2023-07-12,93,37907
2023-07-13,80,37987
2023-07-14,72,38059
2023-07-15,54,38113
2023-07-16,48,38161
2023-07-17,95,38256
2023-07-18,70,38326
2023-07-19,71,38397
2023-07-20,84,38481
2023-07-21,96,38577
2023-07-22,106,38683
2023-07-23,62,38745
2023-07-24,67,38812
2023-07-25,67,38879
2023-07-26,61,38940
2023-07-27,72,39012
2023-07-28,45,39057
2023-07-29,53,39110
2023-07-30,60,39170
2023-07-31,51,39221
2023-08-01,77,39298
2023-08-02,105,39403
2023-08-03,74,39477
2023-08-04,75,39552
2023-08-05,51,39603
2023-08-06,59,39662
2023-08-07,57,39719
2023-08-08,65,39784
2023-08-09,76,39860
2023-08-10,62,39922
2023-08-11,36,39958
2023-08-12,55,40013
2023-08-13,53,40066
2023-08-14,71,40137
2023-08-15,52,40189
2023-08-16,33,40222
2023-08-17,58,40280
2023-08-18,71,40351
2023-08-19,70,40421
2023-08-20,61,40482
2023-08-21,65,40547
2023-08-22,78,40625
2023-08-23,94,40719
2023-08-24,69,40788
2023-08-25,52,40840
2023-08-26,68,40908
2023-08-27,80,40988
2023-08-28,58,41046
2023-08-29,68,41114
2023-08-30,69,41183
2023-08-31,68,41251
2023-09-01,71,41322
2023-09-02,67,41389
2023-09-03,56,41445
2023-09-04,75,41520
2023-09-05,79,41599
2023-09-06,67,41666
2023-09-07,52,41718
2023-09-08,80,41798
2023-09-09,67,41865
2023-09-10,76,41941
2023-09-11,72,42013
2023-09-12,50,42063
2023-09-13,78,42141
2023-09-14,54,42195
2023-09-15,71,42266
2023-09-16,62,42328
2023-09-17,78,42406
2023-09-18,70,42476
2023-09-19,86,42562
2023-09-20,62,42624
2023-09-21,60,42684
2023-09-22,63,42747
2023-09-23,39,42786
2023-09-24,54,42840
2023-09-25,67,42907
2023-09-26,50,42957
2023-09-27,34,42991
2023-09-28,39,43030
2023-09-29,54,43084
2023-09-30,61,43145
2023-10-01,55,43200
2023-10-02,56,43256
2023-10-03,71,43327
2023-10-04,67,43394
2023-10-05,84,43478
2023-10-06,94,43572
2023-10-07,68,43640
2023-10-08,76,43716
2023-10-09,81,43797
2023-10-10,204,44001
2023-10-11,130,44131
2023-10-12,140,44271
2023-10-13,138,44409
2023-10-14,110,44519
2023-10-15,122,44641
2023-10-16,118,44759
2023-10-17,112,44871
2023-10-18,106,44977
2023-10-19,188,45165
2023-10-20,117,45282
2023-10-21,128,45410
2023-10-22,125,45535
2023-10-23,128,45663
2023-10-24,118,45781
2023-10-25,104,45885
2023-10-26,89,45974
2023-10-27,82,46056
2023-10-28,97,46153
2023-10-29,134,46287
2023-10-30,113,46400
2023-10-31,91,46491
2023-11-01,112,46603
2023-11-02,90,46693
2023-11-03,99,46792
2023-11-04,88,46880
2023-11-05,87,46967
2023-11-06,63,47030
2023-11-07,94,47124
2023-11-08,112,47236
2023-11-09,83,47319
2023-11-10,174,47493
2023-11-11,96,47589
2023-11-12,83,47672
2023-11-13,103,47775
2023-11-14,107,47882
2023-11-15,114,47996
2023-11-16,89,48085
2023-11-17,125,48210
2023-11-18,97,48307
2023-11-19,88,48395
2023-11-20,67,48462
2023-11-21,86,48548
2023-11-22,94,48642
2023-11-23,121,48763
2023-11-24,71,48834
2023-11-25,111,48945
2023-11-26,92,49037
2023-11-27,105,49142
2023-11-28,163,49305
2023-11-29,109,49414
2023-11-30,134,49548
2023-12-01,160,49708
2023-12-02,114,49822
2023-12-03,79,49901
2023-12-04,81,49982
2023-12-05,129,50111
2023-12-06,117,50228
2023-12-07,103,50331
2023-12-08,129,50460
2023-12-09,96,50556
2023-12-10,119,50675
2023-12-11,99,50774
2023-12-12,122,50896
2023-12-13,102,50998
2023-12-14,129,51127
2023-12-15,104,51231
2023-12-16,168,51399
2023-12-17,113,51512
2023-12-18,101,51613
2023-12-19,98,51711
2023-12-20,136,51847
2023-12-21,113,51960
2023-12-22,107,52067
2023-12-23,105,52172
2023-12-24,103,52275
2023-12-25,116,52391
2023-12-26,115,52506
2023-12-27,95,52601
2023-12-28,99,52700
2023-12-29,107,52807
2023-12-30,97,52904
2023-12-31,70,52974
2024-01-01,91,53065
2024-01-02,60,53125
2024-01-03,96,53221
2024-01-04,102,53323
2024-01-05,79,53402
2024-01-06,91,53493
2024-01-07,89,53582
2024-01-08,69,53651
2024-01-09,91,53742
2024-01-10,72,53814
2024-01-11,84,53898
2024-01-12,97,53995
2024-01-13,101,54096
2024-01-14,97,54193
2024-01-15,137,54330
2024-01-16,96,54426
2024-01-17,91,54517
2024-01-18,109,54626
2024-01-19,99,54725
2024-01-20,97,54822
2024-01-21,152,54974
2024-01-22,87,55061
2024-01-23,136,55197
2024-01-24,126,55323
2024-01-25,111,55434
2024-01-26,111,55545
2024-01-27,89,55634
2024-01-28,99,55733
2024-01-29,88,55821
2024-01-30,93,55914
2024-01-31,105,56019
2024-02-01,71,56090
2024-02-02,68,56158
2024-02-03,89,56247
2024-02-04,86,56333
2024-02-05,103,56436
2024-02-06,121,56557
2024-02-07,93,56650
2024-02-08,94,56744
2024-02-09,135,56879
2024-02-10,92,56971
2024-02-11,85,57056
2024-02-12,118,57174
2024-02-13,104,57278
2024-02-14,118,57396
2024-02-15,152,57548
2024-02-16,117,57665
2024-02-17,129,57794
2024-02-18,134,57928
2024-02-19,154,58082
2024-02-20,200,58282
2024-02-21,145,58427
2024-02-22,136,58563
2024-02-23,132,58695
2024-02-24,121,58816
2024-02-25,113,58929
2024-02-26,122,59051
2024-02-27,128,59179
2024-02-28,185,59364
2024-02-29,105,59469
2024-03-01,154,59623
2024-03-02,101,59724
2024-03-03,95,59819
2024-03-04,116,59935
2024-03-05,133,60068
2024-03-06,109,60177
2024-03-07,119,60296
2024-03-08,108,60404
2024-03-09,98,60502
2024-03-10,107,60609
2024-03-11,94,60703
2024-03-12,111,60814
2024-03-13,98,60912
2024-03-14,95,61007
2024-03-15,111,61118
2024-03-16,86,61204
2024-03-17,133,61337
2024-03-18,124,61461
2024-03-19,90,61551
2024-03-20,101,61652
2024-03-21,113,61765
2024-03-22,120,61885
2024-03-23,119,62004
2024-03-24,70,62074
2024-03-25,100,62174
2024-03-26,76,62250
2024-03-27,82,62332
2024-03-28,69,62401
2024-03-29,96,62497
2024-03-30,79,62576
2024-03-31,85,62661
2024-04-01,130,62791
2024-04-02,90,62881
2024-04-03,69,62950
2024-04-04,116,63066
2024-04-05,86,63152
2024-04-06,74,63226
2024-04-07,106,63332
2024-04-08,79,63411
2024-04-09,83,63494
2024-04-10,85,63579
2024-04-11,100,63679
2024-04-12,132,63811
2024-04-13,80,63891
2024-04-14,113,64004
2024-04-15,121,64125
2024-04-16,92,64217
2024-04-17,89,64306
2024-04-18,93,64399
2024-04-19,90,64489
2024-04-20,103,64592
2024-04-21,84,64676
2024-04-22,81,64757
2024-04-23,102,64859
2024-04-24,125,64984
2024-04-25,101,65085
2024-04-26,91,65176
2024-04-27,93,65269
2024-04-28,87,65356
2024-04-29,98,65454
2024-04-30,95,65549
2024-05-01,91,65640
2024-05-02,104,65744
2024-05-03,109,65853
2024-05-04,105,65958
2024-05-05,136,66094
2024-05-06,98,66192
2024-05-07,68,66260
2024-05-08,97,66357
2024-05-09,88,66445
2024-05-10,124,66569
2024-05-11,147,66716
2024-05-12,128,66844
2024-05-13,128,66972
2024-05-14,115,67087
2024-05-15,147,67234
2024-05-16,129,67363
2024-05-17,85,67448
2024-05-18,81,67529
2024-05-19,81,67610
2024-05-20,158,67768
2024-05-21,128,67896
2024-05-22,116,68012
2024-05-23,104,68116
2024-05-24,68,68184
2024-05-25,139,68323
2024-05-26,95,68418
2024-05-27,91,68509
2024-05-28,103,68612
2024-05-29,119,68731
2024-05-30,113,68844
2024-05-31,74,68918
2024-06-01,101,69019
2024-06-02,104,69123
2024-06-03,105,69228
2024-06-04,95,69323
2024-06-05,97,69420
2024-06-06,81,69501
2024-06-07,102,69603
2024-06-08,88,69691
2024-06-09,107,69798
2024-06-10,108,69906
2024-06-11,82,69988
2024-06-12,70,70058
2024-06-13,66,70124
2024-06-14,132,70256
2024-06-15,89,70345
2024-06-16,83,70428
2024-06-17,94,70522
2024-06-18,101,70623
2024-06-19,100,70723
2024-06-20,136,70859
2024-06-21,120,70979
2024-06-22,100,71079
2024-06-23,114,71193
2024-06-24,99,71292
2024-06-25,100,71392
2024-06-26,114,71506
2024-06-27,87,71593
2024-06-28,94,71687
2024-06-29,95,71782
2024-06-30,114,71896
2024-07-01,134,72030
2024-07-02,105,72135
2024-07-03,106,72241
2024-07-04,93,72334
2024-07-05,107,72441
2024-07-06,79,72520
2024-07-07,101,72621
2024-07-08,133,72754
2024-07-09,102,72856
2024-07-10,104,72960
2024-07-11,84,73044
2024-07-12,108,73152
2024-07-13,100,73252
2024-07-14,103,73355
2024-07-15,116,73471
2024-07-16,82,73553
2024-07-17,121,73674
2024-07-18,104,73778
2024-07-19,93,73871
2024-07-20,128,73999
2024-07-21,103,74102
2024-07-22,101,74203
2024-07-23,130,74333
2024-07-24,142,74475
2024-07-25,104,74579
2024-07-26,111,74690
2024-07-27,110,74800
2024-07-28,88,74888
2024-07-29,88,74976
2024-07-30,100,75076
2024-07-31,122,75198
2024-08-01,123,75321
2024-08-02,93,75414
2024-08-03,91,75505
2024-08-04,105,75610
2024-08-05,96,75706
2024-08-06,101,75807
2024-08-07,124,75931
2024-08-08,179,76110
2024-08-09,160,76270
2024-08-10,169,76439
2024-08-11,143,76582
2024-08-12,152,76734
2024-08-13,138,76872
2024-08-14,120,76992
2024-08-15,128,77120
2024-08-16,114,77234
2024-08-17,130,77364
2024-08-18,100,77464
2024-08-19,144,77608
2024-08-20,100,77708
2024-08-21,125,77833
2024-08-22,95,77928
2024-08-23,91,78019
2024-08-24,125,78144
2024-08-25,114,78258
2024-08-26,104,78362
2024-08-27,139,78501
2024-08-28,121,78622
2024-08-29,87,78709
2024-08-30,121,78830
2024-08-31,126,78956
2024-09-01,144,79100
2024-09-02,105,79205
2024-09-03,100,79305
2024-09-04,98,79403
2024-09-05,115,79518
2024-09-06,105,79623
2024-09-07,130,79753
2024-09-08,122,79875
2024-09-09,114,79989
2024-09-10,94,80083
2024-09-11,111,80194
2024-09-12,87,80281
2024-09-13,102,80383
2024-09-14,106,80489
2024-09-15,93,80582
2024-09-16,119,80701
2024-09-17,77,80778
2024-09-18,92,80870
2024-09-19,106,80976
2024-09-20,125,81101
2024-09-21,108,81209
2024-09-22,97,81306
2024-09-23,132,81438
2024-09-24,120,81558
2024-09-25,120,81678
2024-09-26,125,81803
2024-09-27,115,81918
2024-09-28,138,82056
2024-09-29,91,82147
2024-09-30,110,82257
2024-10-01,117,82374
2024-10-02,122,82496
2024-10-03,96,82592
2024-10-04,116,82708
2024-10-05,80,82788
2024-10-06,100,82888
2024-10-07,114,83002
2024-10-08,106,83108
2024-10-09,116,83224
2024-10-10,94,83318
2024-10-11,97,83415
2024-10-12,105,83520
2024-10-13,92,83612
2024-10-14,95,83707
2024-10-15,142,83849
2024-10-16,128,83977
2024-10-17,114,84091
2024-10-18,108,84199
2024-10-19,90,84289
2024-10-20,105,84394
2024-10-21,94,84488
2024-10-22,97,84585
2024-10-23,109,84694
2024-10-24,122,84816
2024-10-25,130,84946
2024-10-26,98,85044
2024-10-27,105,85149
2024-10-28,93,85242
2024-10-29,105,85347
2024-10-30,110,85457
2024-10-31,100,85557
2024-11-01,131,85688
2024-11-02,86,85774
2024-11-03,89,85863
2024-11-04,92,85955
2024-11-05,110,86065
2024-11-06,101,86166
2024-11-07,118,86284
2024-11-08,96,86380
2024-11-09,82,86462
2024-11-10,103,86565
2024-11-11,115,86680
2024-11-12,112,86792
2024-11-13,114,86906
2024-11-14,91,86997
2024-11-15,105,87102
2024-11-16,116,87218
2024-11-17,99,87317
2024-11-18,103,87420
2024-11-19,121,87541
2024-11-20,134,87675
2024-11-21,112,87787
2024-11-22,109,87896
2024-11-23,88,87984
2024-11-24,106,88090
2024-11-25,113,88203
2024-11-26,100,88303
2024-11-27,101,88404
2024-11-28,146,88550
2024-11-29,114,88664
2024-11-30,120,88784
2024-12-01,146,88930
2024-12-02,127,89057
2024-12-03,121,89178
2024-12-04,130,89308
2024-12-05,125,89433
2024-12-06,105,89538
2024-12-07,109,89647
2024-12-08,87,89734
2024-12-09,104,89838
2024-12-10,75,89913
2024-12-11,50,89963
2024-12-12,86,90049
2024-12-13,90,90139
2024-12-14,90,90229
2024-12-15,81,90310
2024-12-16,85,90395
2024-12-17,90,90485
2024-12-18,89,90574
2024-12-19,82,90656
2024-12-20,112,90768
2024-12-21,104,90872
2024-12-22,79,90951
2024-12-23,90,91041
2024-12-24,73,91114
2024-12-25,81,91195
2024-12-26,83,91278
2024-12-27,74,91352
2024-12-28,101,91453
2024-12-29,94,91547
2024-12-30,73,91620
2024-12-31,74,91694
2025-01-01,71,91765
2025-01-02,67,91832
2025-01-03,77,91909
2025-01-04,74,91983
2025-01-05,77,92060
2025-01-06,67,92127
2025-01-07,54,92181
2025-01-08,59,92240
2025-01-09,72,92312
2025-01-10,79,92391
2025-01-11,72,92463
2025-01-12,61,92524
2025-01-13,67,92591
2025-01-14,82,92673
2025-01-15,77,92750
2025-01-16,62,92812
2025-01-17,63,92875
2025-01-18,73,92948
2025-01-19,61,93009
2025-01-20,83,93092
2025-01-21,87,93179
2025-01-22,72,93251
2025-01-23,71,93322
2025-01-24,58,93380
2025-01-25,62,93442
2025-01-26,56,93498
2025-01-27,62,93560
2025-01-28,55,93615
2025-01-29,51,93666
2025-01-30,63,93729
2025-01-31,60,93789
2025-02-01,60,93849
2025-02-02,59,93908
2025-02-03,64,93972
2025-02-04,55,94027
2025-02-05,60,94087
2025-02-06,40,94127
2025-02-07,31,94158
2025-02-08,41,94199
2025-02-09,32,94231
2025-02-10,53,94284
2025-02-11,57,94341
2025-02-12,54,94395
2025-02-13,37,94432
2025-02-14,67,94499
2025-02-15,46,94545
2025-02-16,68,94613
2025-02-17,53,94666
2025-02-18,59,94725
2025-02-19,49,94774
2025-02-20,53,94827
2025-02-21,50,94877
2025-02-22,33,94910
2025-02-23,50,94960
2025-02-24,51,95011
2025-02-25,51,95062
2025-02-26,43,95105
2025-02-27,64,95169
2025-02-28,38,95207
2025-03-01,40,95247
2025-03-02,42,95289
2025-03-03,57,95346
2025-03-04,37,95383
2025-03-05,34,95417
2025-03-06,55,95472
2025-03-07,38,95510
2025-03-08,39,95549
2025-03-09,41,95590
2025-03-10,85,95675
2025-03-11,55,95730
2025-03-12,35,95765
2025-03-13,48,95813
2025-03-14,47,95860
2025-03-15,44,95904
2025-03-16,37,95941
2025-03-17,30,95971
2025-03-18,40,96011
2025-03-19,36,96047
2025-03-20,45,96092
2025-03-21,48,96140
2025-03-22,42,96182
2025-03-23,50,96232
2025-03-24,29,96261
2025-03-25,46,96307
2025-03-26,40,96347
2025-03-27,60,96407
2025-03-28,32,96439
2025-03-29,40,96479
2025-03-30,33,96512
2025-03-31,40,96552
2025-04-01,38,96590
2025-04-02,37,96627
2025-04-03,23,96650
2025-04-04,33,96683
2025-04-05,19,96702
2025-04-06,32,96734
2025-04-07,38,96772
2025-04-08,28,96800
2025-04-09,30,96830
2025-04-10,22,96852
2025-04-11,32,96884
2025-04-12,36,96920
2025-04-13,24,96944
2025-04-14,28,96972
2025-04-15,29,97001
2025-04-16,22,97023
2025-04-17,32,97055
2025-04-18,28,97083
2025-04-19,21,97104
2025-04-20,21,97125
2025-04-21,21,97146
2025-04-22,22,97168
2025-04-23,24,97192
2025-04-24,25,97217
2025-04-25,31,97248
2025-04-26,18,97266
2025-04-27,25,97291
2025-04-28,12,97303
2025-04-29,16,97319
2025-04-30,20,97339
2025-05-01,20,97359
2025-05-02,27,97386
2025-05-03,24,97410
2025-05-04,15,97425
2025-05-05,14,97439
2025-05-06,21,97460
2025-05-07,17,97477
2025-05-08,14,97491
2025-05-09,31,97522
2025-05-10,22,97544
2025-05-11,18,97562
2025-05-12,20,97582
2025-05-13,19,97601
2025-05-14,18,97619
2025-05-15,21,97640
2025-05-16,11,97651
2025-05-17,13,97664
2025-05-18,10,97674
2025-05-19,22,97696
2025-05-20,13,97709
2025-05-21,12,97721
2025-05-22,18,97739
2025-05-23,12,97751
2025-05-24,24,97775
2025-05-25,14,97789
2025-05-26,11,97800
2025-05-27,17,97817
2025-05-28,11,97828
2025-05-29,13,97841
2025-05-30,10,97851
2025-05-31,12,97863
2025-06-01,10,97873
2025-06-02,13,97886
2025-06-03,14,97900
2025-06-04,3,97903
2025-06-05,16,97919
2025-06-06,10,97929
2025-06-07,10,97939
2025-06-08,16,97955
2025-06-09,7,97962
2025-06-10,13,97975
2025-06-11,14,97989
2025-06-12,16,98005
2025-06-13,8,98013
2025-06-14,9,98022
2025-06-15,11,98033
2025-06-16,9,98042
2025-06-17,15,98057
2025-06-18,11,98068
2025-06-19,7,98075
2025-06-20,9,98084
2025-06-21,4,98088
2025-06-22,9,98097
2025-06-23,8,98105
2025-06-24,2,98107
2025-06-25,5,98112
2025-06-26,6,98118
2025-06-27,3,98121
2025-06-28,5,98126
2025-06-29,2,98128
2025-06-30,14,98142
2025-07-01,9,98151
2025-07-02,15,98166
2025-07-03,3,98169
2025-07-04,8,98177
2025-07-05,8,98185
2025-07-06,6,98191
2025-07-07,8,98199
2025-07-08,8,98207
2025-07-09,5,98212
2025-07-10,9,98221
2025-07-11,9,98230
2025-07-12,6,98236
2025-07-13,6,98242
2025-07-14,7,98249
2025-07-15,2,98251
2025-07-16,6,98257
2025-07-17,3,98260
2025-07-18,9,98269
2025-07-19,4,98273
2025-07-20,8,98281
2025-07-21,2,98283
2025-07-22,5,98288
2025-07-23,1,98289
2025-07-24,2,98291
2025-07-25,6,98297
2025-07-26,1,98298
2025-07-27,3,98301
2025-07-28,4,98305
2025-07-29,5,98310
2025-07-30,3,98313
2025-07-31,7,98320
2025-08-01,2,98322
2025-08-02,1,98323
2025-08-03,1,98324
2025-08-04,3,98327
2025-08-05,2,98329
2025-08-06,0,98329
2025-08-07,2,98331
2025-08-08,1,98332
2025-08-09,0,98332
2025-08-10,2,98334
2025-08-11,0,98334
2025-08-12,1,98335
2025-08-13,2,98337
2025-08-14,0,98337
2025-08-15,1,98338
2025-08-16,0,98338
2025-08-17,0,98338
2025-08-18,2,98340
2025-08-19,0,98340
2025-08-20,0,98340
2025-08-21,1,98341
2025-08-22,0,98341
2025-08-23,0,98341
2025-08-24,0,98341
2025-08-25,0,98341
2025-08-26,0,98341
2025-08-27,0,98341
2025-08-28,0,98341
